1 10 12 13 39
16 19 26 28 36
7 27 31 33 36
3 6 14 17 32
10 15 19 23 28
8 10 21 26 32
2 6 8 10 28
16 20 25 30 36
17 21 30 32 33
13 21 23 24 38
7 10 11 19 23
5 6 15 38 39
14 17 19 21 24
10 12 13 18 21
2 18 32 34 39
1 11 16 23 28
1 17 18 25 29
10 11 17 26 36
13 17 19 21 22
8 16 17 27 32
9 22 30 31 36
2 9 24 26 36
3 4 19 26 27
2 16 20 24 35
4 10 26 33 39
13 25 31 34 36
3 9 13 17 38
7 13 19 38 39
6 16 25 26 32
3 9 19 29 31
5 26 27 28 33
2 10 12 26 32
5 7 23 28 36
1 13 14 15 23
4 8 13 29 32
8 19 27 34 39
10 21 23 29 36
6 10 22 31 38
5 12 19 22 25
1 4 6 13 22
2 4 5 31 38
1 4 19 22 34
26 29 30 33 37
5 11 15 27 36
4 16 23 34 36
1 11 16 19 38
4 6 12 17 21
11 22 27 31 33
8 17 20 21 27
21 28 32 33 36
3 16 24 33 35
6 8 30 37 38
3 13 14 38 39
6 8 14 21 31
2 6 19 22 24
4 19 22 23 32
15 24 29 34 39
